101496
101498
101546
101552
101558
101559
101563
101564
101565
101567
101569
101574
101577
101578
101580
101594
101596
101599
101603
101608
101612
101614
101617
101620
101627
101631
101632
101633
101640
101641
101642
101654
101657
101660
101661
101663
101665
101679
101680
101681
101685
101689
101693
101696
101714
101719
101720
101721
101729
101731
101733
101739
101740
101742
101746
101752
101754
101762
101769
101773
101774
101775
101778
101780
101782
101785
101786
101792
101797
101799
101802
101805
101808
101810
116506
116509
116510
116514
116515
116516
116518
116528
116529
116530
116537
116546
116549
116550
116555
116562
116565
116567
116571
116572
116579
116580
116581
116583
116587
116589
116591
116592
116594
116597
116602
116604
116607
116617
116619
116620
116623
116624
116625
116632
116633
116635
116650
116651
116662
116664
116665
116669
116682
116683
116695
116709
116712
116713
116714
116716
116717
116727
116732
116735
116737
116739
116748
116751
116755
116757
116763
116769
116770
116775
116780
116787
116790
116791
116796
116799
116802
116804
116806
116810
116812
116819
116820
116825
116827
116832
116837
116841
116843
116848
116852
116861
116862
116870
116874
116877
116881
116882
116891
116892
116906
116909
116918
116920
116934
116935
116941
116942
116944
116949
116951
116954
116955
116958
116962
116963
116965
116966
116976
116982
116984
116987
116998
117001
117003
117010
117016
117021
117022
117029
117031
117034
117041
117042
117048
117049
117050
117055
117056
117061
117065
117066
117070
117072
117076
117077
117079
117083
117085
117086
117087
117088
117092
117100
117109
117111
117114
117122
117123
117126
117130
117136
117140
117141
117143
117145
117146
117152
117154
117159
117162
117163
117164
117170
117173
117177
117179
117188
117190
117210
117211
117218
117220
117224
117225
117226
117228
117229
117230
117233
117241
117247
117248
117249
117250
117251
117254
117261
117271
117274
117280
117284
117285
117287
117289
117292
117300
117304
117307
117311
117321
117326
117328
117330
117331
117333
117334
117336
117340
117343
117345
117348
117353
117354
117368
117370
117372
117377
117379
117383
117388
117390
117397
117401
117414
117418
117424
117427
117430
117432
117445
117446
117447
117453
117455
117462
117471
117474
117476
117480
117481
117497
117500
117501
117505
117506
117509
117514
117515
117524
117526
117529
117535
117542
117546
117547
117551
117554
117566
117574
117576
117578
117590
117595
117596
117597
117605
117611
117618
117619
117623
117624
117626
117635
117636
117641
117643
117645
117648
117649
117654
117658
117661
117666
117669
117671
117675
117686
117689
117697
117704
117706
117708
117710
117711
117719
117721
117722
117731
117732
117734
117741
117752
117753
117755
117757
117758
117759
117763
117765
117768
117774
117777
117781
117782
117794
117797
117798
117799
117804
117810
117816
117819
117821
117827
117830
117834
117835
117840
117842
117847
117848
117849
117850
117851
117857
117862
117863
117875
117878
117879
117881
117884
117892
117893
117894
117895
117904
117920
117922
117924
117925
117926
117936
117942
117943
117952
117956
117964
117970
117973
117974
117978
117979
117980
117983
117984
117991
117995
117997
118014
118015
118016
118017
118023
118033
118039
118041
118044
118054
118055
118070
118073
118078
118091
118092
118095
118096
118097
118098
118099
118106
118108
118109
118115
118117
118120
118123
118124
118125
118127
118138
118141
118149
118150
118152
118154
118161
131709
131714
131718
131721
131725
131726
131727
131729
131733
134658
135094
135224
135317
135658
135668
136047
136073
136082
136101
136167
136328
136903
137701
138616
139387
140286
140289
140398
140434
141482
141488
141739
141894
142106
142568
142750
144895
146037
146105
146430
146432
146449
146450
146451
146452
146514
37368
37382
37402
37523
37553
37554
37569
37577
37582
37595
37599
37612
37613
37635
37648
37679
37687
37690
37713
37736
37757
37768
37771
37779
37781
37796
37803
37805
37850
37852
37859
37862
37888
37915
37945
37950
37986
37987
37996
38001
38037
68506
68510
68516
68551
68560
68568
68577
68581
68591
68611
68625
68628
68635
68641
68656
68659
68667
68673
68677
68693
68709
68711
68714
68724
68729
68745
68763
68774
68779
68784
68793
68808
68836
68871
68873
68875
68876
68890
68908
68954
68963
68971
68980
69012
69021
69041
69061
69065
69098
69122
69137
69141
69157
69200
69204
69206
69209
69215
69226
69228
69238
69248
69253
69258
69263
69277
69315
69331
69332
69338
69340
69344
69362
69383
69385
69411
69450
69499
69527
69540
69570
69584
69598
69653
69663
69698
69701
69709
69713
69723
69735
69749
69753
69772
69776
69832
69848
69869
70567
70581
70583
70554
70586
70587
70597
70601
70611
70626
70656
70678
70695
70636
70709
70706
70726
70731
70739
70754
70749
70768
70769
70791
70803
70810
70817
70836
70813
70901
70898
70844
70966
71030
71109
71126
71219
71250
71464
71481
71396
71690
72024
